<map>	PM_g_032	PM_g_032	PM_g_053	PM_g_053	PM_g_065	PM_g_065	PM_g_137	PM_g_137	PM_g_210	PM_g_210	PM_g_238	PM_g_238	PM_g_305	PM_g_343	PM_g_343	PM_c_099	PM_c_099	PM_c_297	PM_c_297	PM_c_348	PM_c_348	PM_c_478	PM_c_478	PM_c_595	PM_c_595	PM_c_660	PM_c_660	PM_c_37785	PM_c_37785
PI157542_Run_Chi	-	-	-	-	-	-	-	-	195	222	168	182	190	188	220	241	247	240	246	237	242	248	286	259	360	141	230	236	251
PI158854_Val_Chi	-	-	134	350	246	255	163	246	195	222	168	182	190	188	220	241	247	240	246	237	241	248	286	-	-	135	230	236	251
PI159786_Spa_Sen	-	-	-	-	-	-	-	-	195	222	168	182	188	188	222	241	247	241	247	-	242	248	286	259	360	135	230	236	251
PI162857_Vir_Sud	-	-	-	-	-	-	-	-	109	195	-	-	199	188	-	241	247	-	-	-	242	248	286	259	360	141	230	236	251
PI196622_Run_IvC	119	266	134	350	246	255	163	246	-	-	168	182	195	-	-	241	247	240	246	236	242	248	289	259	360	141	230	236	251
PI196635_Spa_Mad	119	-	134	350	246	255	165	246	-	-	168	182	190	188	220	241	247	240	-	236	242	248	286	259	360	141	230	236	251
PI200441_Run_Jap	-	-	135	350	246	257	167	246	109	195	170	180	190	190	222	241	247	240	246	237	241	248	286	259	360	141	228	236	251
PI240560_Run_SAf	119	272	134	350	246	257	167	246	195	222	-	-	190	-	-	241	247	240	-	236	-	248	286	259	360	141	228	236	251
PI259836_Spa_Mal	117	-	134	-	246	255	169	-	-	-	170	180	190	185	216	241	247	240	-	236	-	248	280	259	360	141	230	236	251
PI259851_Run_Mal	119	267	134	350	246	255	161	246	195	222	168	182	190	188	222	241	247	240	-	230	236	248	286	259	360	141	230	236	251
PI262038_Val_Bra	119	267	135	350	246	257	165	246	-	-	170	178	188	188	222	241	247	240	-	231	236	248	286	259	360	141	230	236	251
PI268696_Run_SAf	119	272	134	350	246	257	167	246	195	-	170	180	190	188	222	241	247	241	247	236	242	248	286	259	360	141	228	236	251
PI268755_Run_Zam	119	267	134	350	246	256	169	246	195	222	170	180	190	188	220	241	247	240	246	237	242	248	286	259	360	135	230	236	251
PI268868_Val_Sud	119	267	134	350	246	255	163	246	195	222	168	182	-	188	222	241	247	240	246	237	241	248	286	259	360	141	230	236	251
PI268996_Run_Zam	-	-	135	350	246	255	163	255	109	131	168	182	190	188	220	241	247	240	246	236	241	248	286	259	360	141	228	236	251
PI274193_Run_Bol	119	266	134	350	246	255	163	255	195	220	168	180	190	-	218	241	247	240	246	233	242	248	292	259	360	135	230	236	251
PI288146_Spa_Ind	119	267	134	350	246	257	161	246	195	222	170	180	190	188	220	241	247	240	246	236	242	248	286	259	360	141	230	236	251
PI288210_Run_Ind	119	267	134	350	246	255	165	246	195	222	168	180	190	188	218	-	-	-	-	-	-	248	286	259	360	135	230	236	251
PI290536_Spa_Ind	119	268	134	350	246	255	165	246	195	222	168	182	-	188	220	241	247	241	247	237	242	248	286	259	360	141	230	236	251
PI290560_Spa_Ind	119	-	134	-	246	257	169	257	162	214	-	-	190	188	220	241	247	241	-	230	236	248	286	259	360	141	228	236	251
PI290566_Val_Ind	119	267	134	350	246	255	165	-	-	-	168	182	188	188	220	241	247	241	-	231	236	248	286	259	360	141	230	236	251
PI296550_Run_Isr	119	266	135	350	246	257	165	246	-	-	170	182	190	188	211	241	247	240	246	236	242	248	286	259	360	135	230	236	251
PI296558_Run_Isr	117	-	115	-	243	252	163	-	-	-	-	-	188	186	212	241	247	240	246	235	242	248	286	259	360	140	229	235	250
PI298854_Run_SAf	-	-	-	-	-	-	-	-	195	222	168	182	-	188	222	241	247	241	-	230	236	248	286	259	360	135	230	236	251
PI319768_Run_Isr	119	266	134	350	246	255	163	246	195	222	170	180	190	188	222	-	-	-	-	-	-	248	286	259	360	135	230	236	251
PI319770_Run_Isr	119	266	134	350	246	257	165	246	195	214	170	182	190	-	220	241	247	240	246	236	242	248	286	259	360	135	228	236	251
PI325943_Val_Ven	117	272	134	350	246	255	165	246	-	-	-	-	-	-	-	241	-	241	-	236	-	248	295	259	360	141	228	236	251
PI337293_Run_Bra	-	-	135	350	246	257	169	246	195	222	170	180	190	188	220	241	247	240	246	237	242	248	286	259	360	141	230	236	251
PI337399_Run_Mor	119	265	134	350	246	257	167	244	112	195	170	180	192	186	-	-	-	-	-	-	-	248	286	259	360	135	228	236	251
PI337406_Val_Par	119	266	135	350	246	255	165	245	195	222	170	180	190	188	214	241	247	240	-	236	-	248	286	259	360	135	230	236	251
PI338338_Val_Ven	117	268	134	350	246	255	165	246	195	216	168	182	190	190	222	241	247	240	246	237	241	248	289	259	360	141	228	236	251
PI339960_Val_Arg	119	266	134	350	246	257	165	246	195	216	170	180	190	190	221	241	247	240	246	236	242	248	292	259	360	141	228	236	251
PI343398_Vir_Isr	119	-	134	350	246	255	163	246	195	222	170	182	-	188	220	241	247	240	246	236	242	248	286	259	360	141	230	236	251
PI355271_Run_Mex	118	-	-	-	244	253	161	-	-	-	-	-	-	-	-	241	247	240	246	236	242	248	286	259	360	135	230	236	251
PI371521_Run_Isr	-	-	135	350	246	255	163	246	195	222	168	182	190	188	220	241	247	240	246	236	241	248	286	259	360	141	230	236	251
PI372305_Run_Nig	-	-	-	-	-	-	-	-	195	222	168	182	190	188	220	241	247	240	246	236	242	248	280	259	360	135	228	236	251
PI399581_Vir_Nig	119	266	134	350	246	256	163	245	194	-	168	182	190	188	220	241	247	241	-	236	-	248	286	259	360	135	230	236	251
PI403813_Val_Arg	-	-	-	-	-	-	-	-	112	-	-	-	190	190	224	241	-	241	-	230	236	248	295	259	360	141	228	-	-
PI429420_Val_Zim	119	267	134	350	246	255	163	246	195	222	170	180	190	-	-	241	247	241	247	236	242	248	286	259	360	141	230	236	251
PI442768_Run_Zim	119	267	134	350	246	255	163	246	195	222	170	180	190	190	-	241	247	240	246	-	242	248	289	259	360	141	228	236	251
PI461427_Val_Chi	119	267	134	350	246	257	165	246	-	-	-	-	-	-	-	-	-	-	-	-	-	248	295	259	360	141	228	236	251
PI461434_Run_Chi	119	267	134	350	246	255	165	246	195	-	170	180	190	-	-	241	247	240	-	-	236	248	286	259	360	135	228	236	251
PI468271_Run_Bol	119	267	134	350	246	254	165	246	195	218	168	182	190	-	-	241	247	240	246	236	241	248	289	259	360	141	228	236	251
PI471954_Val_Zim	-	-	135	350	246	257	165	246	195	222	170	180	190	-	-	241	-	241	-	236	-	248	295	259	360	141	228	236	251
PI475863_Val_Bol	123	285	114	-	-	-	167	-	-	-	-	-	195	-	223	-	-	-	-	-	-	-	-	-	-	139	232	240	-
PI475918_Val_Bol	125	-	135	350	246	256	165	246	109	222	170	180	190	188	220	241	247	241	-	230	236	248	292	259	360	141	228	236	251
PI476025_Val_Per	-	-	-	-	-	-	-	-	195	222	168	178	188	188	226	-	-	-	-	-	-	248	286	259	-	141	230	236	251
PI476432_Run_Nig	119	271	134	350	246	254	168	245	195	222	170	180	190	188	220	241	247	240	-	236	-	248	286	259	360	135	228	236	251
PI476596_Run_Nig	119	272	134	350	246	257	165	246	109	195	168	180	190	188	220	241	247	240	246	236	242	248	286	259	360	141	230	236	251
PI478850_Val_Uga	119	267	134	350	246	255	167	246	195	216	168	182	190	-	216	-	-	-	-	-	-	248	289	259	360	141	228	236	251
PI482120_Run_Zim	-	-	135	350	246	257	167	246	109	195	170	180	190	-	-	241	247	241	-	236	-	248	286	259	360	141	228	236	251
PI493329_Val_Arg	-	287	135	-	-	-	-	-	-	-	-	-	186	187	218	241	247	241	247	237	242	248	295	259	360	135	228	-	-
PI493356_Val_Arg	119	267	134	350	246	257	165	246	-	-	170	180	188	189	218	-	-	241	-	-	-	248	295	259	360	141	228	236	251
PI493547_Val_Arg	-	-	134	350	246	257	165	246	-	-	170	180	192	194	220	241	-	241	-	-	-	248	289	259	360	141	228	236	251
PI493581_Val_Arg	119	-	135	-	246	257	165	246	195	222	170	180	190	-	-	-	-	-	-	-	-	248	295	259	360	141	228	236	251
PI493693_Val_Arg	-	-	-	-	-	-	-	-	112	135	-	-	187	-	-	241	247	240	246	236	242	-	-	-	-	-	-	-	-
PI493717_Val_Arg	-	-	-	-	-	-	215	-	112	135	-	-	186	-	-	241	-	240	-	236	-	-	-	-	-	-	227	-	-
PI493729_Val_Arg	-	239	-	-	-	-	-	-	112	135	-	-	188	-	-	241	247	240	246	236	242	-	-	-	-	-	229	-	-
PI493880_Val_Arg	119	-	113	-	-	-	-	252	112	135	-	-	195	188	215	-	-	-	-	-	-	248	295	259	360	135	228	236	251
PI493938_Val_Arg	119	266	134	350	246	257	167	246	109	222	170	180	191	193	222	241	247	240	246	235	242	248	286	259	360	135	228	236	251
PI494795_Vir_Zam	119	266	134	350	246	255	163	255	194	213	168	180	190	188	216	236	-	240	-	236	-	248	289	259	360	135	228	236	251
PI496401_Val_BuF	-	-	-	-	-	-	-	-	120	135	-	-	192	189	221	241	-	240	-	231	236	-	-	-	-	-	230	-	-
PI496448_Val_BuF	-	285	-	-	-	-	-	-	112	134	-	-	191	189	221	-	-	-	-	-	-	-	-	-	-	-	229	-	-
PI497318_Run_Bol	119	300	134	350	246	255	163	-	-	-	170	180	191	189	218	241	247	240	246	233	242	248	-	259	360	141	228	236	251
PI497395_Run_Bol	103	-	134	-	-	-	-	-	-	-	-	-	-	-	-	233	241	240	-	236	-	-	-	-	-	-	-	-	-
PI497517_Val_Bra	123	-	115	-	-	-	-	-	112	134	-	-	198	189	221	-	-	-	-	-	-	248	295	259	360	135	228	236	251
PI497639_Val_Ecu	-	-	135	-	246	255	165	246	109	216	168	182	190	190	-	241	-	240	-	230	236	248	289	259	360	141	228	236	251
PI502037_Val_Per	119	-	135	350	246	255	165	246	112	135	168	178	190	190	216	241	247	240	246	236	242	248	283	259	360	135	228	236	251
PI502040_Val_Per	119	267	134	350	246	257	167	246	109	195	168	178	190	188	218	241	247	240	-	230	236	248	286	259	360	135	228	236	251
PI502111_Val_Per	119	267	134	350	246	257	163	246	195	222	168	176	190	188	220	241	247	240	246	236	242	248	313	259	360	135	228	236	251
PI502120_Val_Per	114	-	134	350	246	255	165	246	109	220	168	178	190	-	-	241	247	240	-	236	-	248	274	259	360	135	230	236	251
