    5
Alpha       0.000000 0.627437 -1.000000  0.680601  1.635326
Beta        0.627437 0.000000  3.309722  0.880035  0.512030
Gamma      -1.000000 3.309722  0.000000 -1.000000 -1.000000
Delta       0.680601 0.880035 -1.000000  0.000000  0.282988
Epsilon     1.635326 0.512030 -1.000000  0.282988  0.000000

    5
Alpha      0.000000 0.083316  0.319475  1.610767  1.610767
Beta       0.083316 0.000000  0.190583  1.269102  1.003626
Gamma      0.319475 0.190583  0.000000 -1.000000 -1.000000
Delta      1.610767 1.269102 -1.000000  0.000000  0.081313
Epsilon    1.610767 1.003626 -1.000000  0.081313  0.000000

    5
Alpha      0.000000 0.200815 0.605679 0.604403 0.604403
Beta       0.200815 0.000000 0.213201 0.499906 0.279941
Gamma      0.605679 0.213201 0.000000 0.611290 0.332086
Delta      0.604403 0.499906 0.611290 0.000000 0.162991
Epsilon    0.604403 0.279941 0.332086 0.162991 0.000000

    5
Alpha      0.000000 0.281696 0.312230 0.339725 0.658585
Beta       0.281696 0.000000 0.183112 0.432654 0.184356
Gamma      0.312230 0.183112 0.000000 0.492556 0.492556
Delta      0.339725 0.432654 0.492556 0.000000 0.176799
Epsilon    0.658585 0.184356 0.492556 0.176799 0.000000

    5
Alpha      0.000000 0.322681 0.656196 0.637546 0.917009
Beta       0.322681 0.000000 0.209825 0.521372 0.304886
Gamma      0.656196 0.209825 0.000000 0.658419 0.515362
Delta      0.637546 0.521372 0.658419 0.000000 0.168691
Epsilon    0.917009 0.304886 0.515362 0.168691 0.000000

    5
Alpha      0.000000 0.403088 0.843322 0.549291 1.147655
Beta       0.403088 0.000000 0.518056 0.834318 0.425650
Gamma      0.843322 0.518056 0.000000 1.541356 1.541356
Delta      0.549291 0.834318 1.541356 0.000000 0.260435
Epsilon    1.147655 0.425650 1.541356 0.260435 0.000000

    5
Alpha      0.000000 0.084711 1.273145 0.699537 0.854087
Beta       0.084711 0.000000 1.273145 0.854087 0.681051
Gamma      1.273145 1.273145 0.000000 3.100121 3.100121
Delta      0.699537 0.854087 3.100121 0.000000 0.075244
Epsilon    0.854087 0.681051 3.100121 0.075244 0.000000

    5
Alpha       0.000000 0.453635 -1.000000 1.471268 1.714440
Beta        0.453635 0.000000  1.617931 1.193470 0.631206
Gamma      -1.000000 1.617931  0.000000 3.667290 2.426060
Delta       1.471268 1.193470  3.667290 0.000000 0.376597
Epsilon     1.714440 0.631206  2.426060 0.376597 0.000000

    5
Alpha      0.000000 0.182275 0.194058 0.339971 0.523064
Beta       0.182275 0.000000 0.083243 0.309626 0.199198
Gamma      0.194058 0.083243 0.000000 0.333831 0.333831
Delta      0.339971 0.309626 0.333831 0.000000 0.080994
Epsilon    0.523064 0.199198 0.333831 0.080994 0.000000

    5
Alpha      0.000000 0.000000 0.221002 1.342124 1.342124
Beta       0.000000 0.000000 0.221002 1.342124 1.342124
Gamma      0.221002 0.221002 0.000000 2.634135 2.634135
Delta      1.342124 1.342124 2.634135 0.000000 0.000000
Epsilon    1.342124 1.342124 2.634135 0.000000 0.000000

    5
Alpha      0.000000 0.299029 0.530060 0.718390 1.005606
Beta       0.299029 0.000000 0.190113 0.557267 0.300751
Gamma      0.530060 0.190113 0.000000 0.681209 0.504038
Delta      0.718390 0.557267 0.681209 0.000000 0.172084
Epsilon    1.005606 0.300751 0.504038 0.172084 0.000000

    5
Alpha      0.000000 0.085759  0.320064  3.882752  3.882752
Beta       0.085759 0.000000  0.189795  2.304943  2.304943
Gamma      0.320064 0.189795  0.000000 -1.000000 -1.000000
Delta      3.882752 2.304943 -1.000000  0.000000  0.000000
Epsilon    3.882752 2.304943 -1.000000  0.000000  0.000000

    5
Alpha      0.000000 0.733346 1.805030 1.023545 2.501625
Beta       0.733346 0.000000 0.417477 1.341710 0.798496
Gamma      1.805030 0.417477 0.000000 3.788611 3.747030
Delta      1.023545 1.341710 3.788611 0.000000 0.342145
Epsilon    2.501625 0.798496 3.747030 0.342145 0.000000

    5
Alpha      0.000000 0.583268 1.850474 1.072147 2.051195
Beta       0.583268 0.000000 0.540849 1.318075 0.642846
Gamma      1.850474 0.540849 0.000000 3.858822 3.618514
Delta      1.072147 1.318075 3.858822 0.000000 0.361000
Epsilon    2.051195 0.642846 3.618514 0.361000 0.000000

    5
Alpha       0.000000 0.899585 -1.000000 0.590232 1.268448
Beta        0.899585 0.000000  0.353219 0.268510 0.086653
Gamma      -1.000000 0.353219  0.000000 0.353219 0.353219
Delta       0.590232 0.268510  0.353219 0.000000 0.173439
Epsilon     1.268448 0.086653  0.353219 0.173439 0.000000

    5
Alpha      0.000000 0.080648 0.197060 0.678111 0.965958
Beta       0.080648 0.000000 0.197060 0.965958 0.776426
Gamma      0.197060 0.197060 0.000000 1.770003 1.770003
Delta      0.678111 0.965958 1.770003 0.000000 0.081186
Epsilon    0.965958 0.776426 1.770003 0.081186 0.000000

    5
Alpha      0.000000 0.306706 0.329891 0.522892 0.764394
Beta       0.306706 0.000000 0.083173 0.300867 0.193419
Gamma      0.329891 0.083173 0.000000 0.323016 0.323016
Delta      0.522892 0.300867 0.323016 0.000000 0.080161
Epsilon    0.764394 0.193419 0.323016 0.080161 0.000000

    5
Alpha       0.000000 1.887071 -1.000000 1.226657 2.418532
Beta        1.887071 0.000000  0.793049 0.740715 0.208007
Gamma      -1.000000 0.793049  0.000000 1.430066 0.793049
Delta       1.226657 0.740715  1.430066 0.000000 0.478065
Epsilon     2.418532 0.208007  0.793049 0.478065 0.000000

    5
Alpha      0.000000 0.194204 1.874268 1.046485 1.046485
Beta       0.194204 0.000000 0.525657 0.519776 0.519776
Gamma      1.874268 0.525657 0.000000 0.822764 0.822764
Delta      1.046485 0.519776 0.822764 0.000000 0.000000
Epsilon    1.046485 0.519776 0.822764 0.000000 0.000000

    5
Alpha      0.000000 0.000000 1.019531 1.000082 1.000082
Beta       0.000000 0.000000 1.019531 1.000082 1.000082
Gamma      1.019531 1.019531 0.000000 2.495424 2.495424
Delta      1.000082 1.000082 2.495424 0.000000 0.000000
Epsilon    1.000082 1.000082 2.495424 0.000000 0.000000

    5
Alpha      0.000000 0.206396 1.267846 0.631000 0.966998
Beta       0.206396 0.000000 0.669571 0.821533 0.690108
Gamma      1.267846 0.669571 0.000000 1.789160 1.754894
Delta      0.631000 0.821533 1.789160 0.000000 0.158114
Epsilon    0.966998 0.690108 1.754894 0.158114 0.000000

    5
Alpha       0.000000 0.334847 -1.000000  2.364243  3.000556
Beta        0.334847 0.000000  0.599549  1.547670  1.161125
Gamma      -1.000000 0.599549  0.000000 -1.000000 -1.000000
Delta       2.364243 1.547670 -1.000000  0.000000  0.158521
Epsilon     3.000556 1.161125 -1.000000  0.158521  0.000000

    5
Alpha      0.000000 0.310455  3.386990  1.446936  1.842520
Beta       0.310455 0.000000  0.808304  1.329106  1.018213
Gamma      3.386990 0.808304  0.000000 -1.000000 -1.000000
Delta      1.446936 1.329106 -1.000000  0.000000  0.261720
Epsilon    1.842520 1.018213 -1.000000  0.261720  0.000000

    5
Alpha       0.000000 0.595883 -1.000000 3.166296 3.587743
Beta        0.595883 0.000000  0.518652 0.770000 0.627400
Gamma      -1.000000 0.518652  0.000000 3.193836 3.193836
Delta       3.166296 0.770000  3.193836 0.000000 0.086037
Epsilon     3.587743 0.627400  3.193836 0.086037 0.000000

    5
Alpha       0.000000 0.527578 -1.000000 1.472806 1.472806
Beta        0.527578 0.000000  0.350820 0.612808 0.392506
Gamma      -1.000000 0.350820  0.000000 0.837152 0.516161
Delta       1.472806 0.612808  0.837152 0.000000 0.164254
Epsilon     1.472806 0.392506  0.516161 0.164254 0.000000

    5
Alpha      0.000000 0.320494 0.320494 1.665956 1.665956
Beta       0.320494 0.000000 0.000000 0.596035 0.464151
Gamma      0.320494 0.000000 0.000000 0.596035 0.464151
Delta      1.665956 0.596035 0.596035 0.000000 0.078327
Epsilon    1.665956 0.464151 0.464151 0.078327 0.000000

    5
Alpha      0.000000 0.174987  0.807489  2.197601  2.523016
Beta       0.174987 0.000000  0.526303  1.786042  1.524871
Gamma      0.807489 0.526303  0.000000 -1.000000 -1.000000
Delta      2.197601 1.786042 -1.000000  0.000000  0.081045
Epsilon    2.523016 1.524871 -1.000000  0.081045  0.000000

    5
Alpha       0.000000  0.165385 -1.000000  0.682728  1.232061
Beta        0.165385  0.000000 -1.000000  1.232061  1.007215
Gamma      -1.000000 -1.000000  0.000000 -1.000000 -1.000000
Delta       0.682728  1.232061 -1.000000  0.000000  0.163044
Epsilon     1.232061  1.007215 -1.000000  0.163044  0.000000

    5
Alpha      0.000000 0.394429  2.186875  0.772597  1.983915
Beta       0.394429 0.000000  1.132838  1.601143  0.842062
Gamma      2.186875 1.132838  0.000000 -1.000000 -1.000000
Delta      0.772597 1.601143 -1.000000  0.000000  0.391436
Epsilon    1.983915 0.842062 -1.000000  0.391436  0.000000

    5
Alpha       0.000000 0.665764 1.756297 -1.000000 -1.000000
Beta        0.665764 0.000000 0.201245  0.801118  0.456088
Gamma       1.756297 0.201245 0.000000  1.101839  0.791227
Delta      -1.000000 0.801118 1.101839  0.000000  0.166993
Epsilon    -1.000000 0.456088 0.791227  0.166993  0.000000

    5
Alpha      0.000000 0.297791 0.318012 0.830123 1.221237
Beta       0.297791 0.000000 0.084057 0.636147 0.337183
Gamma      0.318012 0.084057 0.000000 0.704234 0.522428
Delta      0.830123 0.636147 0.704234 0.000000 0.169747
Epsilon    1.221237 0.337183 0.522428 0.169747 0.000000

    5
Alpha       0.000000  0.260414 -1.000000  0.360346  0.909455
Beta        0.260414  0.000000 -1.000000  0.909455  0.490466
Gamma      -1.000000 -1.000000  0.000000 -1.000000 -1.000000
Delta       0.360346  0.909455 -1.000000  0.000000  0.285252
Epsilon     0.909455  0.490466 -1.000000  0.285252  0.000000

    5
Alpha      0.000000 0.441115 1.262779 2.231153 2.526236
Beta       0.441115 0.000000 0.318580 1.122698 0.739219
Gamma      1.262779 0.318580 0.000000 1.978869 1.536437
Delta      2.231153 1.122698 1.978869 0.000000 0.173665
Epsilon    2.526236 0.739219 1.536437 0.173665 0.000000

    5
Alpha       0.000000 0.475683 -1.000000  3.962149  4.177221
Beta        0.475683 0.000000  1.162817  1.570767  1.240545
Gamma      -1.000000 1.162817  0.000000 -1.000000 -1.000000
Delta       3.962149 1.570767 -1.000000  0.000000  0.162366
Epsilon     4.177221 1.240545 -1.000000  0.162366  0.000000

    5
Alpha      0.000000 0.286571 0.471919 0.972893 1.341979
Beta       0.286571 0.000000 0.188598 1.026376 0.461706
Gamma      0.471919 0.188598 0.000000 1.600146 0.796768
Delta      0.972893 1.026376 1.600146 0.000000 0.274535
Epsilon    1.341979 0.461706 0.796768 0.274535 0.000000

    5
Alpha      0.000000 0.329069 1.891526 1.516848 2.380708
Beta       0.329069 0.000000 0.354733 1.254790 1.153705
Gamma      1.891526 0.354733 0.000000 3.891773 3.891773
Delta      1.516848 1.254790 3.891773 0.000000 0.081886
Epsilon    2.380708 1.153705 3.891773 0.081886 0.000000

    5
Alpha      0.000000 0.401078  2.445643  0.596880  1.526559
Beta       0.401078 0.000000  0.832599  0.995862  0.512446
Gamma      2.445643 0.832599  0.000000 -1.000000 -1.000000
Delta      0.596880 0.995862 -1.000000  0.000000  0.272804
Epsilon    1.526559 0.512446 -1.000000  0.272804  0.000000

    5
Alpha       0.000000 0.850177 -1.000000 1.085327 1.903413
Beta        0.850177 0.000000  2.699252 1.179415 0.539548
Gamma      -1.000000 2.699252  0.000000 4.068342 3.664096
Delta       1.085327 1.179415  4.068342 0.000000 0.478432
Epsilon     1.903413 0.539548  3.664096 0.478432 0.000000

    5
Alpha      0.000000 0.475975 1.501209 1.853917 2.158100
Beta       0.475975 0.000000 0.323855 0.905604 0.541443
Gamma      1.501209 0.323855 0.000000 1.531472 1.068772
Delta      1.853917 0.905604 1.531472 0.000000 0.168230
Epsilon    2.158100 0.541443 1.068772 0.168230 0.000000

    5
Alpha      0.000000 0.392390 3.476833 0.498987 1.156674
Beta       0.392390 0.000000 1.852795 1.007075 0.514031
Gamma      3.476833 1.852795 0.000000 3.946427 3.908118
Delta      0.498987 1.007075 3.946427 0.000000 0.401149
Epsilon    1.156674 0.514031 3.908118 0.401149 0.000000

    5
Alpha      0.000000 0.184893 0.358151 1.709765 2.277643
Beta       0.184893 0.000000 0.210634 1.708350 1.265777
Gamma      0.358151 0.210634 0.000000 4.876395 4.788991
Delta      1.709765 1.708350 4.876395 0.000000 0.157242
Epsilon    2.277643 1.265777 4.788991 0.157242 0.000000

    5
Alpha      0.000000 0.447677 0.547923 4.962849 5.193526
Beta       0.447677 0.000000 0.200854 1.747289 0.580737
Gamma      0.547923 0.200854 0.000000 5.193526 5.002394
Delta      4.962849 1.747289 5.193526 0.000000 0.379012
Epsilon    5.193526 0.580737 5.002394 0.379012 0.000000

    5
Alpha      0.000000 0.084598 0.345539 1.124297 1.124297
Beta       0.084598 0.000000 0.195560 0.784456 0.784456
Gamma      0.345539 0.195560 0.000000 1.132627 1.132627
Delta      1.124297 0.784456 1.132627 0.000000 0.000000
Epsilon    1.124297 0.784456 1.132627 0.000000 0.000000

    5
Alpha      0.000000 0.292691 2.007328 0.710658 1.097221
Beta       0.292691 0.000000 0.820916 0.795148 0.521033
Gamma      2.007328 0.820916 0.000000 2.581866 2.581866
Delta      0.710658 0.795148 2.581866 0.000000 0.160840
Epsilon    1.097221 0.521033 2.581866 0.160840 0.000000

    5
Alpha       0.000000 -1.000000 -1.000000 -1.000000 -1.000000
Beta       -1.000000  0.000000  0.092544  0.773894  0.201340
Gamma      -1.000000  0.092544  0.000000  0.874346  0.220098
Delta      -1.000000  0.773894  0.874346  0.000000  0.468499
Epsilon    -1.000000  0.201340  0.220098  0.468499  0.000000

    5
Alpha      0.000000 0.089590 0.553788 1.054390 1.054390
Beta       0.089590 0.000000 0.334698 0.734371 0.734371
Gamma      0.553788 0.334698 0.000000 1.161725 1.161725
Delta      1.054390 0.734371 1.161725 0.000000 0.000000
Epsilon    1.054390 0.734371 1.161725 0.000000 0.000000

    5
Alpha       0.000000 0.178675 -1.000000  1.724087  2.100643
Beta        0.178675 0.000000  3.356105  1.718859  1.428275
Gamma      -1.000000 3.356105  0.000000 -1.000000 -1.000000
Delta       1.724087 1.718859 -1.000000  0.000000  0.172219
Epsilon     2.100643 1.428275 -1.000000  0.172219  0.000000

    5
Alpha       0.000000 0.187263 0.187263 -1.000000 -1.000000
Beta        0.187263 0.000000 0.000000  4.035206  3.851360
Gamma       0.187263 0.000000 0.000000  4.035206  3.851360
Delta      -1.000000 4.035206 4.035206  0.000000  0.079905
Epsilon    -1.000000 3.851360 3.851360  0.079905  0.000000

    5
Alpha      0.000000 0.290836  4.227628  1.145448  1.734482
Beta       0.290836 0.000000  1.088883  1.488434  1.046348
Gamma      4.227628 1.088883  0.000000 -1.000000 -1.000000
Delta      1.145448 1.488434 -1.000000  0.000000  0.258012
Epsilon    1.734482 1.046348 -1.000000  0.258012  0.000000

    5
Alpha      0.000000 0.308417 0.837674 1.915576 2.289428
Beta       0.308417 0.000000 0.328005 1.225714 0.795497
Gamma      0.837674 0.328005 0.000000 3.216290 2.382314
Delta      1.915576 1.225714 3.216290 0.000000 0.164844
Epsilon    2.289428 0.795497 2.382314 0.164844 0.000000

    5
Alpha      0.000000 0.318026 1.113212 1.455570 1.894789
Beta       0.318026 0.000000 0.371037 1.156561 0.868245
Gamma      1.113212 0.371037 0.000000 2.196668 1.988162
Delta      1.455570 1.156561 2.196668 0.000000 0.167785
Epsilon    1.894789 0.868245 1.988162 0.167785 0.000000

    5
Alpha      0.000000 0.358503 0.943914 0.966675 1.346380
Beta       0.358503 0.000000 0.274536 0.980137 0.693409
Gamma      0.943914 0.274536 0.000000 1.365340 1.166757
Delta      0.966675 0.980137 1.365340 0.000000 0.255838
Epsilon    1.346380 0.693409 1.166757 0.255838 0.000000

    5
Alpha      0.000000 0.641385 1.580160 3.216492 4.049054
Beta       0.641385 0.000000 0.334729 1.425477 0.672366
Gamma      1.580160 0.334729 0.000000 3.750015 3.022065
Delta      3.216492 1.425477 3.750015 0.000000 0.356580
Epsilon    4.049054 0.672366 3.022065 0.356580 0.000000

    5
Alpha       0.000000 0.349570 -1.000000 2.645747 2.645747
Beta        0.349570 0.000000  0.632302 1.200701 1.068830
Gamma      -1.000000 0.632302  0.000000 3.427100 3.324843
Delta       2.645747 1.200701  3.427100 0.000000 0.078966
Epsilon     2.645747 1.068830  3.324843 0.078966 0.000000

    5
Alpha       0.000000 0.505657 -1.000000 2.274852 2.583010
Beta        0.505657 0.000000  0.676958 1.337295 0.916109
Gamma      -1.000000 0.676958  0.000000 4.533484 4.397086
Delta       2.274852 1.337295  4.533484 0.000000 0.246599
Epsilon     2.583010 0.916109  4.397086 0.246599 0.000000

    5
Alpha      0.000000 0.297734 0.521117 2.543638 2.871517
Beta       0.297734 0.000000 0.196752 1.864089 1.379922
Gamma      0.521117 0.196752 0.000000 2.743886 2.392514
Delta      2.543638 1.864089 2.743886 0.000000 0.259836
Epsilon    2.871517 1.379922 2.392514 0.259836 0.000000

    5
Alpha       0.000000 0.467565 -1.000000 1.187813 1.460796
Beta        0.467565 0.000000  0.598916 1.031177 0.531850
Gamma      -1.000000 0.598916  0.000000 1.797915 1.088376
Delta       1.187813 1.031177  1.797915 0.000000 0.360778
Epsilon     1.460796 0.531850  1.088376 0.360778 0.000000

    5
Alpha      0.000000 0.091295 0.405962 1.063942 1.063942
Beta       0.091295 0.000000 0.216602 0.765500 0.765500
Gamma      0.405962 0.216602 0.000000 1.054621 1.054621
Delta      1.063942 0.765500 1.054621 0.000000 0.000000
Epsilon    1.063942 0.765500 1.054621 0.000000 0.000000

    5
Alpha       0.000000 0.928577 -1.000000 1.166636 1.967430
Beta        0.928577 0.000000  0.517948 1.019897 0.268077
Gamma      -1.000000 0.517948  0.000000 2.018039 1.092290
Delta       1.166636 1.019897  2.018039 0.000000 0.471510
Epsilon     1.967430 0.268077  1.092290 0.471510 0.000000

    5
Alpha      0.000000 0.455217 1.321194 0.535940 1.190517
Beta       0.455217 0.000000 0.683782 1.035142 0.484870
Gamma      1.321194 0.683782 0.000000 2.389726 2.201894
Delta      0.535940 1.035142 2.389726 0.000000 0.324831
Epsilon    1.190517 0.484870 2.201894 0.324831 0.000000

    5
Alpha      0.000000 0.302519 1.015273 1.042399 1.601011
Beta       0.302519 0.000000 0.366586 0.818142 0.528571
Gamma      1.015273 0.366586 0.000000 3.956972 3.742567
Delta      1.042399 0.818142 3.956972 0.000000 0.170460
Epsilon    1.601011 0.528571 3.742567 0.170460 0.000000

    5
Alpha      0.000000 0.305902 0.837182 0.950635 1.242517
Beta       0.305902 0.000000 0.320432 0.552418 0.416914
Gamma      0.837182 0.320432 0.000000 0.761532 0.761532
Delta      0.950635 0.552418 0.761532 0.000000 0.079504
Epsilon    1.242517 0.416914 0.761532 0.079504 0.000000

    5
Alpha       0.000000 0.684727 0.684727 -1.000000 -1.000000
Beta        0.684727 0.000000 0.000000  0.895281  0.573809
Gamma       0.684727 0.000000 0.000000  0.895281  0.573809
Delta      -1.000000 0.895281 0.895281  0.000000  0.176518
Epsilon    -1.000000 0.573809 0.573809  0.176518  0.000000

    5
Alpha       0.000000 0.338600  1.222368 -1.000000 -1.000000
Beta        0.338600 0.000000  0.208294  2.473197  2.283432
Gamma       1.222368 0.208294  0.000000 -1.000000 -1.000000
Delta      -1.000000 2.473197 -1.000000  0.000000  0.172509
Epsilon    -1.000000 2.283432 -1.000000  0.172509  0.000000

    5
Alpha      0.000000 0.201976 1.461580 0.499965 0.773513
Beta       0.201976 0.000000 0.542204 0.536392 0.455498
Gamma      1.461580 0.542204 0.000000 1.055371 1.055371
Delta      0.499965 0.536392 1.055371 0.000000 0.082858
Epsilon    0.773513 0.455498 1.055371 0.082858 0.000000

    5
Alpha      0.000000 0.339230 1.465552 3.707386 3.707386
Beta       0.339230 0.000000 0.335354 1.034892 0.832179
Gamma      1.465552 0.335354 0.000000 2.481393 1.584634
Delta      3.707386 1.034892 2.481393 0.000000 0.076683
Epsilon    3.707386 0.832179 1.584634 0.076683 0.000000

    5
Alpha      0.000000 0.190226 0.553206 0.658377 0.658377
Beta       0.190226 0.000000 0.190226 0.277864 0.277864
Gamma      0.553206 0.190226 0.000000 0.324358 0.324358
Delta      0.658377 0.277864 0.324358 0.000000 0.000000
Epsilon    0.658377 0.277864 0.324358 0.000000 0.000000

    5
Alpha      0.000000 0.327942 4.639190 1.612632 2.015336
Beta       0.327942 0.000000 0.854216 1.393841 1.065800
Gamma      4.639190 0.854216 0.000000 3.572749 3.441466
Delta      1.612632 1.393841 3.572749 0.000000 0.261842
Epsilon    2.015336 1.065800 3.441466 0.261842 0.000000

    5
Alpha      0.000000 0.581547 1.018566 5.043356 5.043356
Beta       0.581547 0.000000 0.089675 0.605848 0.337198
Gamma      1.018566 0.089675 0.000000 0.675248 0.368432
Delta      5.043356 0.605848 0.675248 0.000000 0.155372
Epsilon    5.043356 0.337198 0.368432 0.155372 0.000000

    5
Alpha      0.000000 0.472545 0.748054 1.878357 1.878357
Beta       0.472545 0.000000 0.091141 1.023545 0.449393
Gamma      0.748054 0.091141 0.000000 1.198793 0.500561
Delta      1.878357 1.023545 1.198793 0.000000 0.374942
Epsilon    1.878357 0.449393 0.500561 0.374942 0.000000

    5
Alpha      0.000000 0.294171  1.340112  2.176164  2.496390
Beta       0.294171 0.000000  0.505451  1.265437  1.030288
Gamma      1.340112 0.505451  0.000000 -1.000000 -1.000000
Delta      2.176164 1.265437 -1.000000  0.000000  0.081476
Epsilon    2.496390 1.030288 -1.000000  0.081476  0.000000

    5
Alpha      0.000000 0.305772 0.926591 0.674554 0.906939
Beta       0.305772 0.000000 0.335356 0.480148 0.382282
Gamma      0.926591 0.335356 0.000000 0.654289 0.654289
Delta      0.674554 0.480148 0.654289 0.000000 0.078513
Epsilon    0.906939 0.382282 0.654289 0.078513 0.000000

    5
Alpha      0.000000 0.340570 3.546542 0.934728 1.177804
Beta       0.340570 0.000000 0.559840 0.761024 0.498235
Gamma      3.546542 0.559840 0.000000 1.206307 0.942511
Delta      0.934728 0.761024 1.206307 0.000000 0.157204
Epsilon    1.177804 0.498235 0.942511 0.157204 0.000000

    5
Alpha       0.000000 1.065566 -1.000000 -1.000000 -1.000000
Beta        1.065566 0.000000  0.370149  0.776063  0.595592
Gamma      -1.000000 0.370149  0.000000  1.299342  0.891840
Delta      -1.000000 0.776063  1.299342  0.000000  0.073094
Epsilon    -1.000000 0.595592  0.891840  0.073094  0.000000

    5
Alpha       0.000000 0.612406 -1.000000 -1.000000 -1.000000
Beta        0.612406 0.000000  0.546240  2.814836  2.043280
Gamma      -1.000000 0.546240  0.000000 -1.000000 -1.000000
Delta      -1.000000 2.814836 -1.000000  0.000000  0.371806
Epsilon    -1.000000 2.043280 -1.000000  0.371806  0.000000

    5
Alpha      0.000000 0.788857 5.004216 0.947677 1.829891
Beta       0.788857 0.000000 0.371704 0.799098 0.446188
Gamma      5.004216 0.371704 0.000000 1.345805 1.124450
Delta      0.947677 0.799098 1.345805 0.000000 0.247492
Epsilon    1.829891 0.446188 1.124450 0.247492 0.000000

    5
Alpha      0.000000 0.085592 0.602919 0.938754 0.938754
Beta       0.085592 0.000000 0.354468 0.677435 0.677435
Gamma      0.602919 0.354468 0.000000 1.093694 1.093694
Delta      0.938754 0.677435 1.093694 0.000000 0.000000
Epsilon    0.938754 0.677435 1.093694 0.000000 0.000000

    5
Alpha      0.000000 0.085390 0.912350 1.094184 1.094184
Beta       0.085390 0.000000 0.556573 0.975637 0.817703
Gamma      0.912350 0.556573 0.000000 1.831557 1.456675
Delta      1.094184 0.975637 1.831557 0.000000 0.079615
Epsilon    1.094184 0.817703 1.456675 0.079615 0.000000

    5
Alpha      0.000000 0.177996 0.527643 2.214700 2.214700
Beta       0.177996 0.000000 0.198564 1.107759 0.943203
Gamma      0.527643 0.198564 0.000000 2.153974 1.825069
Delta      2.214700 1.107759 2.153974 0.000000 0.080675
Epsilon    2.214700 0.943203 1.825069 0.080675 0.000000

    5
Alpha      0.000000 0.293253 1.189948 0.520824 0.948699
Beta       0.293253 0.000000 0.684878 0.842303 0.465953
Gamma      1.189948 0.684878 0.000000 2.317209 2.047767
Delta      0.520824 0.842303 2.317209 0.000000 0.259471
Epsilon    0.948699 0.465953 2.047767 0.259471 0.000000

    5
Alpha      0.000000 0.563762 2.190063 0.491482 1.454657
Beta       0.563762 0.000000 1.144475 1.287843 0.584703
Gamma      2.190063 1.144475 0.000000 4.764558 4.714532
Delta      0.491482 1.287843 4.764558 0.000000 0.480000
Epsilon    1.454657 0.584703 4.714532 0.480000 0.000000

    5
Alpha      0.000000 0.425909 1.609128 0.804023 1.261313
Beta       0.425909 0.000000 0.504499 0.652623 0.393861
Gamma      1.609128 0.504499 0.000000 1.047038 1.047038
Delta      0.804023 0.652623 1.047038 0.000000 0.167783
Epsilon    1.261313 0.393861 1.047038 0.167783 0.000000

    5
Alpha      0.000000 0.310741 0.899547 0.570403 0.751606
Beta       0.310741 0.000000 0.337978 0.482350 0.270547
Gamma      0.899547 0.337978 0.000000 0.628608 0.476481
Delta      0.570403 0.482350 0.628608 0.000000 0.163505
Epsilon    0.751606 0.270547 0.476481 0.163505 0.000000

    5
Alpha      0.000000 0.460405 1.464544 1.405965 1.886215
Beta       0.460405 0.000000 0.334230 0.902147 0.446214
Gamma      1.464544 0.334230 0.000000 1.489991 0.844414
Delta      1.405965 0.902147 1.489991 0.000000 0.257430
Epsilon    1.886215 0.446214 0.844414 0.257430 0.000000

    5
Alpha       0.000000 0.843071 -1.000000 0.825744 1.871748
Beta        0.843071 0.000000  0.979685 1.002372 0.332256
Gamma      -1.000000 0.979685  0.000000 3.713130 3.184320
Delta       0.825744 1.002372  3.713130 0.000000 0.473723
Epsilon     1.871748 0.332256  3.184320 0.473723 0.000000

    5
Alpha      0.000000 0.084589 0.365389 0.426406 0.426406
Beta       0.084589 0.000000 0.200739 0.272403 0.272403
Gamma      0.365389 0.200739 0.000000 0.334765 0.334765
Delta      0.426406 0.272403 0.334765 0.000000 0.000000
Epsilon    0.426406 0.272403 0.334765 0.000000 0.000000

    5
Alpha      0.000000 0.204583 0.935185 2.952183 2.952183
Beta       0.204583 0.000000 0.335259 1.549633 1.247197
Gamma      0.935185 0.335259 0.000000 3.200055 2.515750
Delta      2.952183 1.549633 3.200055 0.000000 0.077519
Epsilon    2.952183 1.247197 2.515750 0.077519 0.000000

    5
Alpha       0.000000 0.294927 -1.000000  1.168229  1.448555
Beta        0.294927 0.000000  1.729654  0.970280  0.691734
Gamma      -1.000000 1.729654  0.000000 -1.000000 -1.000000
Delta       1.168229 0.970280 -1.000000  0.000000  0.164897
Epsilon     1.448555 0.691734 -1.000000  0.164897  0.000000

    5
Alpha      0.000000 0.285634 4.943741 0.659693 1.131152
Beta       0.285634 0.000000 0.930057 0.818494 0.578654
Gamma      4.943741 0.930057 0.000000 5.055501 5.055501
Delta      0.659693 0.818494 5.055501 0.000000 0.168822
Epsilon    1.131152 0.578654 5.055501 0.168822 0.000000

    5
Alpha      0.000000 0.083014 0.330902 0.434219 0.434219
Beta       0.083014 0.000000 0.190702 0.281781 0.281781
Gamma      0.330902 0.190702 0.000000 0.330902 0.330902
Delta      0.434219 0.281781 0.330902 0.000000 0.000000
Epsilon    0.434219 0.281781 0.330902 0.000000 0.000000

    5
Alpha       0.000000 0.670970 -1.000000 1.313276 1.751015
Beta        0.670970 0.000000  0.327193 0.406482 0.290590
Gamma      -1.000000 0.327193  0.000000 0.530223 0.530223
Delta       1.313276 0.406482  0.530223 0.000000 0.080105
Epsilon     1.751015 0.290590  0.530223 0.080105 0.000000

    5
Alpha      0.000000 0.187088 0.315707 1.449799 1.449799
Beta       0.187088 0.000000 0.084520 0.628769 0.628769
Gamma      0.315707 0.084520 0.000000 0.705155 0.705155
Delta      1.449799 0.628769 0.705155 0.000000 0.000000
Epsilon    1.449799 0.628769 0.705155 0.000000 0.000000

    5
Alpha      0.000000 0.289988 0.980157 0.423664 0.597138
Beta       0.289988 0.000000 0.380074 0.519854 0.186886
Gamma      0.980157 0.380074 0.000000 0.731678 0.380074
Delta      0.423664 0.519854 0.731678 0.000000 0.278418
Epsilon    0.597138 0.186886 0.380074 0.278418 0.000000

    5
Alpha       0.000000 0.584222  0.810844 -1.000000 -1.000000
Beta        0.584222 0.000000  0.344369  1.514089  0.634887
Gamma       0.810844 0.344369  0.000000 -1.000000 -1.000000
Delta      -1.000000 1.514089 -1.000000  0.000000  0.271330
Epsilon    -1.000000 0.634887 -1.000000  0.271330  0.000000

    5
Alpha      0.000000 0.197423 0.357834 0.800563 0.800563
Beta       0.197423 0.000000 0.090019 0.501502 0.406273
Gamma      0.357834 0.090019 0.000000 0.564934 0.457143
Delta      0.800563 0.501502 0.564934 0.000000 0.080986
Epsilon    0.800563 0.406273 0.457143 0.080986 0.000000

    5
Alpha      0.000000 0.508953 0.772738 3.479678 3.479678
Beta       0.508953 0.000000 0.087903 0.637986 0.637986
Gamma      0.772738 0.087903 0.000000 0.705722 0.705722
Delta      3.479678 0.637986 0.705722 0.000000 0.000000
Epsilon    3.479678 0.637986 0.705722 0.000000 0.000000

    5
Alpha       0.000000 0.420948 -1.000000  2.264488  2.796308
Beta        0.420948 0.000000  0.783164  1.914876  1.047333
Gamma      -1.000000 0.783164  0.000000 -1.000000 -1.000000
Delta       2.264488 1.914876 -1.000000  0.000000  0.370371
Epsilon     2.796308 1.047333 -1.000000  0.370371  0.000000

    5
Alpha      0.000000 0.383757 0.712340 0.311036 0.794022
Beta       0.383757 0.000000 0.481587 0.737224 0.182592
Gamma      0.712340 0.481587 0.000000 1.254590 0.836784
Delta      0.311036 0.737224 1.254590 0.000000 0.401130
Epsilon    0.794022 0.182592 0.836784 0.401130 0.000000

    5
Alpha      0.000000 0.174970  0.811523  1.295708  1.556691
Beta       0.174970 0.000000  0.500663  1.295868  0.798837
Gamma      0.811523 0.500663  0.000000 -1.000000 -1.000000
Delta      1.295708 1.295868 -1.000000  0.000000  0.173813
Epsilon    1.556691 0.798837 -1.000000  0.173813  0.000000

    5
Alpha       0.000000 0.516763 -1.000000 1.975896 2.815174
Beta        0.516763 0.000000  0.555603 0.964520 0.627882
Gamma      -1.000000 0.555603  0.000000 4.211168 3.669737
Delta       1.975896 0.964520  4.211168 0.000000 0.161950
Epsilon     2.815174 0.627882  3.669737 0.161950 0.000000

