
# reading mam15.pv
# rank item    obs     au     np |     bp     pp     kh     sh    wkh    wsh |
#    1    1   -2.7  0.776  0.575 |  0.567  0.934  0.645  0.945  0.645  0.947 |
#    2    3    2.7  0.531  0.316 |  0.323  0.065  0.355  0.798  0.355  0.787 |
#    3    2    7.4  0.125  0.036 |  0.038  0.001  0.121  0.573  0.121  0.415 |
#    4    5   17.6  0.079  0.014 |  0.015  2e-08  0.041  0.174  0.041  0.209 |
#    5    6   18.9  0.135  0.033 |  0.034  6e-09  0.064  0.143  0.064  0.288 |
#    6    7   20.1  0.035  0.005 |  0.006  2e-09  0.052  0.115  0.021  0.108 |
#    7    4   20.6  0.099  0.015 |  0.014  1e-09  0.049  0.109  0.049  0.242 |
#    8   15   22.2  0.007  0.001 |  0.001  2e-10  0.033  0.077  0.008  0.054 |
#    9    8   25.4  9e-05  9e-06 |      0  9e-12  0.002  0.032  0.002  0.014 |
#   10   14   26.3  0.019  0.002 |  0.003  3e-12  0.018  0.033  0.018  0.127 |
#   11   13   28.9  0.003  9e-05 |      0  3e-13  0.009  0.017  0.009  0.068 |
#   12    9   31.6  0.001  1e-05 |      0  2e-14  0.003  0.006  0.003  0.030 |
#   13   11   31.7  2e-04  5e-06 |      0  2e-14  0.004  0.007  0.004  0.031 |
#   14   10   34.7  1e-33  4e-14 |      0  8e-16  0.001  0.002  0.001  0.011 |
#   15   12   36.2  9e-55  5e-17 |      0  2e-16  4e-04  0.001  4e-04  0.007 |

